Position: (-0.438081, -0.0593044, 0.0422338) Orientation: (0.98047, 0.118031, 0.137389, 0.0766252)
Position: (-0.438051, -0.0593119, 0.0422427) Orientation: (0.980482, 0.118014, 0.137335, 0.0765961)
